{
 "cells": [
  {
   "cell_type": "code",
   "execution_count": 1,
   "id": "035f5d04",
   "metadata": {},
   "outputs": [],
   "source": [
    "import pandas as pd\n",
    "import numpy as np\n",
    "import seaborn as sns\n",
    "import matplotlib.pyplot as plt\n",
    "import plotly.express as px"
   ]
  },
  {
   "cell_type": "code",
   "execution_count": 35,
   "id": "72009d9e",
   "metadata": {},
   "outputs": [],
   "source": [
    "spy_data = pd.read_csv(\"spy_data.csv\")\n",
    "spy_data2 = spy_data.copy()"
   ]
  },
  {
   "cell_type": "markdown",
   "id": "cdfa1e3d",
   "metadata": {},
   "source": [
    "# Correlation Matrix"
   ]
  },
  {
   "cell_type": "code",
   "execution_count": 17,
   "id": "ef952c9f",
   "metadata": {},
   "outputs": [
    {
     "data": {
      "application/vnd.plotly.v1+json": {
       "config": {
        "plotlyServerURL": "https://plot.ly"
       },
       "data": [
        {
         "coloraxis": "coloraxis",
         "hovertemplate": "x: %{x}<br>y: %{y}<br>color: %{z}<extra></extra>",
         "name": "0",
         "texttemplate": "%{z}",
         "type": "heatmap",
         "x": [
          "Open",
          "High",
          "Low",
          "Close",
          "Adj Close",
          "Volume",
          "Close-Open",
          "High-Low"
         ],
         "xaxis": "x",
         "y": [
          "Open",
          "High",
          "Low",
          "Close",
          "Adj Close",
          "Volume",
          "Close-Open",
          "High-Low"
         ],
         "yaxis": "y",
         "z": [
          [
           1,
           0.9999295340029154,
           0.9999091427515245,
           0.999854445410243,
           0.9958466393128308,
           0.10822951113086123,
           0.0014019632624494391,
           0.48808939585151245
          ],
          [
           0.9999295340029154,
           1,
           0.9998443858537265,
           0.9999035746364278,
           0.9958953222035616,
           0.11118932609899275,
           0.00841099283646009,
           0.49478496125285204
          ],
          [
           0.9999091427515245,
           0.9998443858537265,
           1,
           0.9999132068736069,
           0.9959201557298903,
           0.10427396048650175,
           0.010170530587989435,
           0.4793776840721023
          ],
          [
           0.999854445410243,
           0.9999035746364278,
           0.9999132068736069,
           1,
           0.99600177991793,
           0.1073631508484594,
           0.018463043479025127,
           0.48659775791629234
          ],
          [
           0.9958466393128308,
           0.9958953222035616,
           0.9959201557298903,
           0.99600177991793,
           1,
           0.12325202620848762,
           0.018985089711921834,
           0.48389642758249596
          ],
          [
           0.10822951113086123,
           0.11118932609899275,
           0.10427396048650175,
           0.1073631508484594,
           0.12325202620848762,
           1,
           -0.04970414425519192,
           0.3948215639616689
          ],
          [
           0.0014019632624494391,
           0.00841099283646009,
           0.010170530587989435,
           0.018463043479025127,
           0.018985089711921834,
           -0.04970414425519192,
           1,
           -0.08257975862767084
          ],
          [
           0.48808939585151245,
           0.49478496125285204,
           0.4793776840721023,
           0.48659775791629234,
           0.48389642758249596,
           0.3948215639616689,
           -0.08257975862767084,
           1
          ]
         ]
        }
       ],
       "layout": {
        "coloraxis": {
         "colorscale": [
          [
           0,
           "rgb(247,251,255)"
          ],
          [
           0.125,
           "rgb(222,235,247)"
          ],
          [
           0.25,
           "rgb(198,219,239)"
          ],
          [
           0.375,
           "rgb(158,202,225)"
          ],
          [
           0.5,
           "rgb(107,174,214)"
          ],
          [
           0.625,
           "rgb(66,146,198)"
          ],
          [
           0.75,
           "rgb(33,113,181)"
          ],
          [
           0.875,
           "rgb(8,81,156)"
          ],
          [
           1,
           "rgb(8,48,107)"
          ]
         ]
        },
        "margin": {
         "t": 60
        },
        "template": {
         "data": {
          "bar": [
           {
            "error_x": {
             "color": "#2a3f5f"
            },
            "error_y": {
             "color": "#2a3f5f"
            },
            "marker": {
             "line": {
              "color": "#E5ECF6",
              "width": 0.5
             },
             "pattern": {
              "fillmode": "overlay",
              "size": 10,
              "solidity": 0.2
             }
            },
            "type": "bar"
           }
          ],
          "barpolar": [
           {
            "marker": {
             "line": {
              "color": "#E5ECF6",
              "width": 0.5
             },
             "pattern": {
              "fillmode": "overlay",
              "size": 10,
              "solidity": 0.2
             }
            },
            "type": "barpolar"
           }
          ],
          "carpet": [
           {
            "aaxis": {
             "endlinecolor": "#2a3f5f",
             "gridcolor": "white",
             "linecolor": "white",
             "minorgridcolor": "white",
             "startlinecolor": "#2a3f5f"
            },
            "baxis": {
             "endlinecolor": "#2a3f5f",
             "gridcolor": "white",
             "linecolor": "white",
             "minorgridcolor": "white",
             "startlinecolor": "#2a3f5f"
            },
            "type": "carpet"
           }
          ],
          "choropleth": [
           {
            "colorbar": {
             "outlinewidth": 0,
             "ticks": ""
            },
            "type": "choropleth"
           }
          ],
          "contour": [
           {
            "colorbar": {
             "outlinewidth": 0,
             "ticks": ""
            },
            "colorscale": [
             [
              0,
              "#0d0887"
             ],
             [
              0.1111111111111111,
              "#46039f"
             ],
             [
              0.2222222222222222,
              "#7201a8"
             ],
             [
              0.3333333333333333,
              "#9c179e"
             ],
             [
              0.4444444444444444,
              "#bd3786"
             ],
             [
              0.5555555555555556,
              "#d8576b"
             ],
             [
              0.6666666666666666,
              "#ed7953"
             ],
             [
              0.7777777777777778,
              "#fb9f3a"
             ],
             [
              0.8888888888888888,
              "#fdca26"
             ],
             [
              1,
              "#f0f921"
             ]
            ],
            "type": "contour"
           }
          ],
          "contourcarpet": [
           {
            "colorbar": {
             "outlinewidth": 0,
             "ticks": ""
            },
            "type": "contourcarpet"
           }
          ],
          "heatmap": [
           {
            "colorbar": {
             "outlinewidth": 0,
             "ticks": ""
            },
            "colorscale": [
             [
              0,
              "#0d0887"
             ],
             [
              0.1111111111111111,
              "#46039f"
             ],
             [
              0.2222222222222222,
              "#7201a8"
             ],
             [
              0.3333333333333333,
              "#9c179e"
             ],
             [
              0.4444444444444444,
              "#bd3786"
             ],
             [
              0.5555555555555556,
              "#d8576b"
             ],
             [
              0.6666666666666666,
              "#ed7953"
             ],
             [
              0.7777777777777778,
              "#fb9f3a"
             ],
             [
              0.8888888888888888,
              "#fdca26"
             ],
             [
              1,
              "#f0f921"
             ]
            ],
            "type": "heatmap"
           }
          ],
          "heatmapgl": [
           {
            "colorbar": {
             "outlinewidth": 0,
             "ticks": ""
            },
            "colorscale": [
             [
              0,
              "#0d0887"
             ],
             [
              0.1111111111111111,
              "#46039f"
             ],
             [
              0.2222222222222222,
              "#7201a8"
             ],
             [
              0.3333333333333333,
              "#9c179e"
             ],
             [
              0.4444444444444444,
              "#bd3786"
             ],
             [
              0.5555555555555556,
              "#d8576b"
             ],
             [
              0.6666666666666666,
              "#ed7953"
             ],
             [
              0.7777777777777778,
              "#fb9f3a"
             ],
             [
              0.8888888888888888,
              "#fdca26"
             ],
             [
              1,
              "#f0f921"
             ]
            ],
            "type": "heatmapgl"
           }
          ],
          "histogram": [
           {
            "marker": {
             "pattern": {
              "fillmode": "overlay",
              "size": 10,
              "solidity": 0.2
             }
            },
            "type": "histogram"
           }
          ],
          "histogram2d": [
           {
            "colorbar": {
             "outlinewidth": 0,
             "ticks": ""
            },
            "colorscale": [
             [
              0,
              "#0d0887"
             ],
             [
              0.1111111111111111,
              "#46039f"
             ],
             [
              0.2222222222222222,
              "#7201a8"
             ],
             [
              0.3333333333333333,
              "#9c179e"
             ],
             [
              0.4444444444444444,
              "#bd3786"
             ],
             [
              0.5555555555555556,
              "#d8576b"
             ],
             [
              0.6666666666666666,
              "#ed7953"
             ],
             [
              0.7777777777777778,
              "#fb9f3a"
             ],
             [
              0.8888888888888888,
              "#fdca26"
             ],
             [
              1,
              "#f0f921"
             ]
            ],
            "type": "histogram2d"
           }
          ],
          "histogram2dcontour": [
           {
            "colorbar": {
             "outlinewidth": 0,
             "ticks": ""
            },
            "colorscale": [
             [
              0,
              "#0d0887"
             ],
             [
              0.1111111111111111,
              "#46039f"
             ],
             [
              0.2222222222222222,
              "#7201a8"
             ],
             [
              0.3333333333333333,
              "#9c179e"
             ],
             [
              0.4444444444444444,
              "#bd3786"
             ],
             [
              0.5555555555555556,
              "#d8576b"
             ],
             [
              0.6666666666666666,
              "#ed7953"
             ],
             [
              0.7777777777777778,
              "#fb9f3a"
             ],
             [
              0.8888888888888888,
              "#fdca26"
             ],
             [
              1,
              "#f0f921"
             ]
            ],
            "type": "histogram2dcontour"
           }
          ],
          "mesh3d": [
           {
            "colorbar": {
             "outlinewidth": 0,
             "ticks": ""
            },
            "type": "mesh3d"
           }
          ],
          "parcoords": [
           {
            "line": {
             "colorbar": {
              "outlinewidth": 0,
              "ticks": ""
             }
            },
            "type": "parcoords"
           }
          ],
          "pie": [
           {
            "automargin": true,
            "type": "pie"
           }
          ],
          "scatter": [
           {
            "marker": {
             "colorbar": {
              "outlinewidth": 0,
              "ticks": ""
             }
            },
            "type": "scatter"
           }
          ],
          "scatter3d": [
           {
            "line": {
             "colorbar": {
              "outlinewidth": 0,
              "ticks": ""
             }
            },
            "marker": {
             "colorbar": {
              "outlinewidth": 0,
              "ticks": ""
             }
            },
            "type": "scatter3d"
           }
          ],
          "scattercarpet": [
           {
            "marker": {
             "colorbar": {
              "outlinewidth": 0,
              "ticks": ""
             }
            },
            "type": "scattercarpet"
           }
          ],
          "scattergeo": [
           {
            "marker": {
             "colorbar": {
              "outlinewidth": 0,
              "ticks": ""
             }
            },
            "type": "scattergeo"
           }
          ],
          "scattergl": [
           {
            "marker": {
             "colorbar": {
              "outlinewidth": 0,
              "ticks": ""
             }
            },
            "type": "scattergl"
           }
          ],
          "scattermapbox": [
           {
            "marker": {
             "colorbar": {
              "outlinewidth": 0,
              "ticks": ""
             }
            },
            "type": "scattermapbox"
           }
          ],
          "scatterpolar": [
           {
            "marker": {
             "colorbar": {
              "outlinewidth": 0,
              "ticks": ""
             }
            },
            "type": "scatterpolar"
           }
          ],
          "scatterpolargl": [
           {
            "marker": {
             "colorbar": {
              "outlinewidth": 0,
              "ticks": ""
             }
            },
            "type": "scatterpolargl"
           }
          ],
          "scatterternary": [
           {
            "marker": {
             "colorbar": {
              "outlinewidth": 0,
              "ticks": ""
             }
            },
            "type": "scatterternary"
           }
          ],
          "surface": [
           {
            "colorbar": {
             "outlinewidth": 0,
             "ticks": ""
            },
            "colorscale": [
             [
              0,
              "#0d0887"
             ],
             [
              0.1111111111111111,
              "#46039f"
             ],
             [
              0.2222222222222222,
              "#7201a8"
             ],
             [
              0.3333333333333333,
              "#9c179e"
             ],
             [
              0.4444444444444444,
              "#bd3786"
             ],
             [
              0.5555555555555556,
              "#d8576b"
             ],
             [
              0.6666666666666666,
              "#ed7953"
             ],
             [
              0.7777777777777778,
              "#fb9f3a"
             ],
             [
              0.8888888888888888,
              "#fdca26"
             ],
             [
              1,
              "#f0f921"
             ]
            ],
            "type": "surface"
           }
          ],
          "table": [
           {
            "cells": {
             "fill": {
              "color": "#EBF0F8"
             },
             "line": {
              "color": "white"
             }
            },
            "header": {
             "fill": {
              "color": "#C8D4E3"
             },
             "line": {
              "color": "white"
             }
            },
            "type": "table"
           }
          ]
         },
         "layout": {
          "annotationdefaults": {
           "arrowcolor": "#2a3f5f",
           "arrowhead": 0,
           "arrowwidth": 1
          },
          "autotypenumbers": "strict",
          "coloraxis": {
           "colorbar": {
            "outlinewidth": 0,
            "ticks": ""
           }
          },
          "colorscale": {
           "diverging": [
            [
             0,
             "#8e0152"
            ],
            [
             0.1,
             "#c51b7d"
            ],
            [
             0.2,
             "#de77ae"
            ],
            [
             0.3,
             "#f1b6da"
            ],
            [
             0.4,
             "#fde0ef"
            ],
            [
             0.5,
             "#f7f7f7"
            ],
            [
             0.6,
             "#e6f5d0"
            ],
            [
             0.7,
             "#b8e186"
            ],
            [
             0.8,
             "#7fbc41"
            ],
            [
             0.9,
             "#4d9221"
            ],
            [
             1,
             "#276419"
            ]
           ],
           "sequential": [
            [
             0,
             "#0d0887"
            ],
            [
             0.1111111111111111,
             "#46039f"
            ],
            [
             0.2222222222222222,
             "#7201a8"
            ],
            [
             0.3333333333333333,
             "#9c179e"
            ],
            [
             0.4444444444444444,
             "#bd3786"
            ],
            [
             0.5555555555555556,
             "#d8576b"
            ],
            [
             0.6666666666666666,
             "#ed7953"
            ],
            [
             0.7777777777777778,
             "#fb9f3a"
            ],
            [
             0.8888888888888888,
             "#fdca26"
            ],
            [
             1,
             "#f0f921"
            ]
           ],
           "sequentialminus": [
            [
             0,
             "#0d0887"
            ],
            [
             0.1111111111111111,
             "#46039f"
            ],
            [
             0.2222222222222222,
             "#7201a8"
            ],
            [
             0.3333333333333333,
             "#9c179e"
            ],
            [
             0.4444444444444444,
             "#bd3786"
            ],
            [
             0.5555555555555556,
             "#d8576b"
            ],
            [
             0.6666666666666666,
             "#ed7953"
            ],
            [
             0.7777777777777778,
             "#fb9f3a"
            ],
            [
             0.8888888888888888,
             "#fdca26"
            ],
            [
             1,
             "#f0f921"
            ]
           ]
          },
          "colorway": [
           "#636efa",
           "#EF553B",
           "#00cc96",
           "#ab63fa",
           "#FFA15A",
           "#19d3f3",
           "#FF6692",
           "#B6E880",
           "#FF97FF",
           "#FECB52"
          ],
          "font": {
           "color": "#2a3f5f"
          },
          "geo": {
           "bgcolor": "white",
           "lakecolor": "white",
           "landcolor": "#E5ECF6",
           "showlakes": true,
           "showland": true,
           "subunitcolor": "white"
          },
          "hoverlabel": {
           "align": "left"
          },
          "hovermode": "closest",
          "mapbox": {
           "style": "light"
          },
          "paper_bgcolor": "white",
          "plot_bgcolor": "#E5ECF6",
          "polar": {
           "angularaxis": {
            "gridcolor": "white",
            "linecolor": "white",
            "ticks": ""
           },
           "bgcolor": "#E5ECF6",
           "radialaxis": {
            "gridcolor": "white",
            "linecolor": "white",
            "ticks": ""
           }
          },
          "scene": {
           "xaxis": {
            "backgroundcolor": "#E5ECF6",
            "gridcolor": "white",
            "gridwidth": 2,
            "linecolor": "white",
            "showbackground": true,
            "ticks": "",
            "zerolinecolor": "white"
           },
           "yaxis": {
            "backgroundcolor": "#E5ECF6",
            "gridcolor": "white",
            "gridwidth": 2,
            "linecolor": "white",
            "showbackground": true,
            "ticks": "",
            "zerolinecolor": "white"
           },
           "zaxis": {
            "backgroundcolor": "#E5ECF6",
            "gridcolor": "white",
            "gridwidth": 2,
            "linecolor": "white",
            "showbackground": true,
            "ticks": "",
            "zerolinecolor": "white"
           }
          },
          "shapedefaults": {
           "line": {
            "color": "#2a3f5f"
           }
          },
          "ternary": {
           "aaxis": {
            "gridcolor": "white",
            "linecolor": "white",
            "ticks": ""
           },
           "baxis": {
            "gridcolor": "white",
            "linecolor": "white",
            "ticks": ""
           },
           "bgcolor": "#E5ECF6",
           "caxis": {
            "gridcolor": "white",
            "linecolor": "white",
            "ticks": ""
           }
          },
          "title": {
           "x": 0.05
          },
          "xaxis": {
           "automargin": true,
           "gridcolor": "white",
           "linecolor": "white",
           "ticks": "",
           "title": {
            "standoff": 15
           },
           "zerolinecolor": "white",
           "zerolinewidth": 2
          },
          "yaxis": {
           "automargin": true,
           "gridcolor": "white",
           "linecolor": "white",
           "ticks": "",
           "title": {
            "standoff": 15
           },
           "zerolinecolor": "white",
           "zerolinewidth": 2
          }
         }
        },
        "xaxis": {
         "anchor": "y",
         "constrain": "domain",
         "domain": [
          0,
          1
         ],
         "scaleanchor": "y"
        },
        "yaxis": {
         "anchor": "x",
         "autorange": "reversed",
         "constrain": "domain",
         "domain": [
          0,
          1
         ]
        }
       }
      },
      "text/html": [
       "<div>                            <div id=\"b8baa9e5-19ac-4db8-b1a5-02d9f3524e97\" class=\"plotly-graph-div\" style=\"height:525px; width:100%;\"></div>            <script type=\"text/javascript\">                require([\"plotly\"], function(Plotly) {                    window.PLOTLYENV=window.PLOTLYENV || {};                                    if (document.getElementById(\"b8baa9e5-19ac-4db8-b1a5-02d9f3524e97\")) {                    Plotly.newPlot(                        \"b8baa9e5-19ac-4db8-b1a5-02d9f3524e97\",                        [{\"coloraxis\":\"coloraxis\",\"name\":\"0\",\"texttemplate\":\"%{z}\",\"x\":[\"Open\",\"High\",\"Low\",\"Close\",\"Adj Close\",\"Volume\",\"Close-Open\",\"High-Low\"],\"y\":[\"Open\",\"High\",\"Low\",\"Close\",\"Adj Close\",\"Volume\",\"Close-Open\",\"High-Low\"],\"z\":[[1.0,0.9999295340029154,0.9999091427515245,0.999854445410243,0.9958466393128308,0.10822951113086123,0.0014019632624494391,0.48808939585151245],[0.9999295340029154,1.0,0.9998443858537265,0.9999035746364278,0.9958953222035616,0.11118932609899275,0.00841099283646009,0.49478496125285204],[0.9999091427515245,0.9998443858537265,1.0,0.9999132068736069,0.9959201557298903,0.10427396048650175,0.010170530587989435,0.4793776840721023],[0.999854445410243,0.9999035746364278,0.9999132068736069,1.0,0.99600177991793,0.1073631508484594,0.018463043479025127,0.48659775791629234],[0.9958466393128308,0.9958953222035616,0.9959201557298903,0.99600177991793,1.0,0.12325202620848762,0.018985089711921834,0.48389642758249596],[0.10822951113086123,0.11118932609899275,0.10427396048650175,0.1073631508484594,0.12325202620848762,1.0,-0.04970414425519192,0.3948215639616689],[0.0014019632624494391,0.00841099283646009,0.010170530587989435,0.018463043479025127,0.018985089711921834,-0.04970414425519192,1.0,-0.08257975862767084],[0.48808939585151245,0.49478496125285204,0.4793776840721023,0.48659775791629234,0.48389642758249596,0.3948215639616689,-0.08257975862767084,1.0]],\"type\":\"heatmap\",\"xaxis\":\"x\",\"yaxis\":\"y\",\"hovertemplate\":\"x: %{x}<br>y: %{y}<br>color: %{z}<extra></extra>\"}],                        {\"template\":{\"data\":{\"bar\":[{\"error_x\":{\"color\":\"#2a3f5f\"},\"error_y\":{\"color\":\"#2a3f5f\"},\"marker\":{\"line\":{\"color\":\"#E5ECF6\",\"width\":0.5},\"pattern\":{\"fillmode\":\"overlay\",\"size\":10,\"solidity\":0.2}},\"type\":\"bar\"}],\"barpolar\":[{\"marker\":{\"line\":{\"color\":\"#E5ECF6\",\"width\":0.5},\"pattern\":{\"fillmode\":\"overlay\",\"size\":10,\"solidity\":0.2}},\"type\":\"barpolar\"}],\"carpet\":[{\"aaxis\":{\"endlinecolor\":\"#2a3f5f\",\"gridcolor\":\"white\",\"linecolor\":\"white\",\"minorgridcolor\":\"white\",\"startlinecolor\":\"#2a3f5f\"},\"baxis\":{\"endlinecolor\":\"#2a3f5f\",\"gridcolor\":\"white\",\"linecolor\":\"white\",\"minorgridcolor\":\"white\",\"startlinecolor\":\"#2a3f5f\"},\"type\":\"carpet\"}],\"choropleth\":[{\"colorbar\":{\"outlinewidth\":0,\"ticks\":\"\"},\"type\":\"choropleth\"}],\"contour\":[{\"colorbar\":{\"outlinewidth\":0,\"ticks\":\"\"},\"colorscale\":[[0.0,\"#0d0887\"],[0.1111111111111111,\"#46039f\"],[0.2222222222222222,\"#7201a8\"],[0.3333333333333333,\"#9c179e\"],[0.4444444444444444,\"#bd3786\"],[0.5555555555555556,\"#d8576b\"],[0.6666666666666666,\"#ed7953\"],[0.7777777777777778,\"#fb9f3a\"],[0.8888888888888888,\"#fdca26\"],[1.0,\"#f0f921\"]],\"type\":\"contour\"}],\"contourcarpet\":[{\"colorbar\":{\"outlinewidth\":0,\"ticks\":\"\"},\"type\":\"contourcarpet\"}],\"heatmap\":[{\"colorbar\":{\"outlinewidth\":0,\"ticks\":\"\"},\"colorscale\":[[0.0,\"#0d0887\"],[0.1111111111111111,\"#46039f\"],[0.2222222222222222,\"#7201a8\"],[0.3333333333333333,\"#9c179e\"],[0.4444444444444444,\"#bd3786\"],[0.5555555555555556,\"#d8576b\"],[0.6666666666666666,\"#ed7953\"],[0.7777777777777778,\"#fb9f3a\"],[0.8888888888888888,\"#fdca26\"],[1.0,\"#f0f921\"]],\"type\":\"heatmap\"}],\"heatmapgl\":[{\"colorbar\":{\"outlinewidth\":0,\"ticks\":\"\"},\"colorscale\":[[0.0,\"#0d0887\"],[0.1111111111111111,\"#46039f\"],[0.2222222222222222,\"#7201a8\"],[0.3333333333333333,\"#9c179e\"],[0.4444444444444444,\"#bd3786\"],[0.5555555555555556,\"#d8576b\"],[0.6666666666666666,\"#ed7953\"],[0.7777777777777778,\"#fb9f3a\"],[0.8888888888888888,\"#fdca26\"],[1.0,\"#f0f921\"]],\"type\":\"heatmapgl\"}],\"histogram\":[{\"marker\":{\"pattern\":{\"fillmode\":\"overlay\",\"size\":10,\"solidity\":0.2}},\"type\":\"histogram\"}],\"histogram2d\":[{\"colorbar\":{\"outlinewidth\":0,\"ticks\":\"\"},\"colorscale\":[[0.0,\"#0d0887\"],[0.1111111111111111,\"#46039f\"],[0.2222222222222222,\"#7201a8\"],[0.3333333333333333,\"#9c179e\"],[0.4444444444444444,\"#bd3786\"],[0.5555555555555556,\"#d8576b\"],[0.6666666666666666,\"#ed7953\"],[0.7777777777777778,\"#fb9f3a\"],[0.8888888888888888,\"#fdca26\"],[1.0,\"#f0f921\"]],\"type\":\"histogram2d\"}],\"histogram2dcontour\":[{\"colorbar\":{\"outlinewidth\":0,\"ticks\":\"\"},\"colorscale\":[[0.0,\"#0d0887\"],[0.1111111111111111,\"#46039f\"],[0.2222222222222222,\"#7201a8\"],[0.3333333333333333,\"#9c179e\"],[0.4444444444444444,\"#bd3786\"],[0.5555555555555556,\"#d8576b\"],[0.6666666666666666,\"#ed7953\"],[0.7777777777777778,\"#fb9f3a\"],[0.8888888888888888,\"#fdca26\"],[1.0,\"#f0f921\"]],\"type\":\"histogram2dcontour\"}],\"mesh3d\":[{\"colorbar\":{\"outlinewidth\":0,\"ticks\":\"\"},\"type\":\"mesh3d\"}],\"parcoords\":[{\"line\":{\"colorbar\":{\"outlinewidth\":0,\"ticks\":\"\"}},\"type\":\"parcoords\"}],\"pie\":[{\"automargin\":true,\"type\":\"pie\"}],\"scatter\":[{\"marker\":{\"colorbar\":{\"outlinewidth\":0,\"ticks\":\"\"}},\"type\":\"scatter\"}],\"scatter3d\":[{\"line\":{\"colorbar\":{\"outlinewidth\":0,\"ticks\":\"\"}},\"marker\":{\"colorbar\":{\"outlinewidth\":0,\"ticks\":\"\"}},\"type\":\"scatter3d\"}],\"scattercarpet\":[{\"marker\":{\"colorbar\":{\"outlinewidth\":0,\"ticks\":\"\"}},\"type\":\"scattercarpet\"}],\"scattergeo\":[{\"marker\":{\"colorbar\":{\"outlinewidth\":0,\"ticks\":\"\"}},\"type\":\"scattergeo\"}],\"scattergl\":[{\"marker\":{\"colorbar\":{\"outlinewidth\":0,\"ticks\":\"\"}},\"type\":\"scattergl\"}],\"scattermapbox\":[{\"marker\":{\"colorbar\":{\"outlinewidth\":0,\"ticks\":\"\"}},\"type\":\"scattermapbox\"}],\"scatterpolar\":[{\"marker\":{\"colorbar\":{\"outlinewidth\":0,\"ticks\":\"\"}},\"type\":\"scatterpolar\"}],\"scatterpolargl\":[{\"marker\":{\"colorbar\":{\"outlinewidth\":0,\"ticks\":\"\"}},\"type\":\"scatterpolargl\"}],\"scatterternary\":[{\"marker\":{\"colorbar\":{\"outlinewidth\":0,\"ticks\":\"\"}},\"type\":\"scatterternary\"}],\"surface\":[{\"colorbar\":{\"outlinewidth\":0,\"ticks\":\"\"},\"colorscale\":[[0.0,\"#0d0887\"],[0.1111111111111111,\"#46039f\"],[0.2222222222222222,\"#7201a8\"],[0.3333333333333333,\"#9c179e\"],[0.4444444444444444,\"#bd3786\"],[0.5555555555555556,\"#d8576b\"],[0.6666666666666666,\"#ed7953\"],[0.7777777777777778,\"#fb9f3a\"],[0.8888888888888888,\"#fdca26\"],[1.0,\"#f0f921\"]],\"type\":\"surface\"}],\"table\":[{\"cells\":{\"fill\":{\"color\":\"#EBF0F8\"},\"line\":{\"color\":\"white\"}},\"header\":{\"fill\":{\"color\":\"#C8D4E3\"},\"line\":{\"color\":\"white\"}},\"type\":\"table\"}]},\"layout\":{\"annotationdefaults\":{\"arrowcolor\":\"#2a3f5f\",\"arrowhead\":0,\"arrowwidth\":1},\"autotypenumbers\":\"strict\",\"coloraxis\":{\"colorbar\":{\"outlinewidth\":0,\"ticks\":\"\"}},\"colorscale\":{\"diverging\":[[0,\"#8e0152\"],[0.1,\"#c51b7d\"],[0.2,\"#de77ae\"],[0.3,\"#f1b6da\"],[0.4,\"#fde0ef\"],[0.5,\"#f7f7f7\"],[0.6,\"#e6f5d0\"],[0.7,\"#b8e186\"],[0.8,\"#7fbc41\"],[0.9,\"#4d9221\"],[1,\"#276419\"]],\"sequential\":[[0.0,\"#0d0887\"],[0.1111111111111111,\"#46039f\"],[0.2222222222222222,\"#7201a8\"],[0.3333333333333333,\"#9c179e\"],[0.4444444444444444,\"#bd3786\"],[0.5555555555555556,\"#d8576b\"],[0.6666666666666666,\"#ed7953\"],[0.7777777777777778,\"#fb9f3a\"],[0.8888888888888888,\"#fdca26\"],[1.0,\"#f0f921\"]],\"sequentialminus\":[[0.0,\"#0d0887\"],[0.1111111111111111,\"#46039f\"],[0.2222222222222222,\"#7201a8\"],[0.3333333333333333,\"#9c179e\"],[0.4444444444444444,\"#bd3786\"],[0.5555555555555556,\"#d8576b\"],[0.6666666666666666,\"#ed7953\"],[0.7777777777777778,\"#fb9f3a\"],[0.8888888888888888,\"#fdca26\"],[1.0,\"#f0f921\"]]},\"colorway\":[\"#636efa\",\"#EF553B\",\"#00cc96\",\"#ab63fa\",\"#FFA15A\",\"#19d3f3\",\"#FF6692\",\"#B6E880\",\"#FF97FF\",\"#FECB52\"],\"font\":{\"color\":\"#2a3f5f\"},\"geo\":{\"bgcolor\":\"white\",\"lakecolor\":\"white\",\"landcolor\":\"#E5ECF6\",\"showlakes\":true,\"showland\":true,\"subunitcolor\":\"white\"},\"hoverlabel\":{\"align\":\"left\"},\"hovermode\":\"closest\",\"mapbox\":{\"style\":\"light\"},\"paper_bgcolor\":\"white\",\"plot_bgcolor\":\"#E5ECF6\",\"polar\":{\"angularaxis\":{\"gridcolor\":\"white\",\"linecolor\":\"white\",\"ticks\":\"\"},\"bgcolor\":\"#E5ECF6\",\"radialaxis\":{\"gridcolor\":\"white\",\"linecolor\":\"white\",\"ticks\":\"\"}},\"scene\":{\"xaxis\":{\"backgroundcolor\":\"#E5ECF6\",\"gridcolor\":\"white\",\"gridwidth\":2,\"linecolor\":\"white\",\"showbackground\":true,\"ticks\":\"\",\"zerolinecolor\":\"white\"},\"yaxis\":{\"backgroundcolor\":\"#E5ECF6\",\"gridcolor\":\"white\",\"gridwidth\":2,\"linecolor\":\"white\",\"showbackground\":true,\"ticks\":\"\",\"zerolinecolor\":\"white\"},\"zaxis\":{\"backgroundcolor\":\"#E5ECF6\",\"gridcolor\":\"white\",\"gridwidth\":2,\"linecolor\":\"white\",\"showbackground\":true,\"ticks\":\"\",\"zerolinecolor\":\"white\"}},\"shapedefaults\":{\"line\":{\"color\":\"#2a3f5f\"}},\"ternary\":{\"aaxis\":{\"gridcolor\":\"white\",\"linecolor\":\"white\",\"ticks\":\"\"},\"baxis\":{\"gridcolor\":\"white\",\"linecolor\":\"white\",\"ticks\":\"\"},\"bgcolor\":\"#E5ECF6\",\"caxis\":{\"gridcolor\":\"white\",\"linecolor\":\"white\",\"ticks\":\"\"}},\"title\":{\"x\":0.05},\"xaxis\":{\"automargin\":true,\"gridcolor\":\"white\",\"linecolor\":\"white\",\"ticks\":\"\",\"title\":{\"standoff\":15},\"zerolinecolor\":\"white\",\"zerolinewidth\":2},\"yaxis\":{\"automargin\":true,\"gridcolor\":\"white\",\"linecolor\":\"white\",\"ticks\":\"\",\"title\":{\"standoff\":15},\"zerolinecolor\":\"white\",\"zerolinewidth\":2}}},\"xaxis\":{\"anchor\":\"y\",\"domain\":[0.0,1.0],\"scaleanchor\":\"y\",\"constrain\":\"domain\"},\"yaxis\":{\"anchor\":\"x\",\"domain\":[0.0,1.0],\"autorange\":\"reversed\",\"constrain\":\"domain\"},\"coloraxis\":{\"colorscale\":[[0.0,\"rgb(247,251,255)\"],[0.125,\"rgb(222,235,247)\"],[0.25,\"rgb(198,219,239)\"],[0.375,\"rgb(158,202,225)\"],[0.5,\"rgb(107,174,214)\"],[0.625,\"rgb(66,146,198)\"],[0.75,\"rgb(33,113,181)\"],[0.875,\"rgb(8,81,156)\"],[1.0,\"rgb(8,48,107)\"]]},\"margin\":{\"t\":60}},                        {\"responsive\": true}                    ).then(function(){\n",
       "                            \n",
       "var gd = document.getElementById('b8baa9e5-19ac-4db8-b1a5-02d9f3524e97');\n",
       "var x = new MutationObserver(function (mutations, observer) {{\n",
       "        var display = window.getComputedStyle(gd).display;\n",
       "        if (!display || display === 'none') {{\n",
       "            console.log([gd, 'removed!']);\n",
       "            Plotly.purge(gd);\n",
       "            observer.disconnect();\n",
       "        }}\n",
       "}});\n",
       "\n",
       "// Listen for the removal of the full notebook cells\n",
       "var notebookContainer = gd.closest('#notebook-container');\n",
       "if (notebookContainer) {{\n",
       "    x.observe(notebookContainer, {childList: true});\n",
       "}}\n",
       "\n",
       "// Listen for the clearing of the current output cell\n",
       "var outputEl = gd.closest('.output');\n",
       "if (outputEl) {{\n",
       "    x.observe(outputEl, {childList: true});\n",
       "}}\n",
       "\n",
       "                        })                };                });            </script>        </div>"
      ]
     },
     "metadata": {},
     "output_type": "display_data"
    }
   ],
   "source": [
    "corrMatrix = spy_data.corr()\n",
    "px.imshow(corrMatrix, text_auto = True, color_continuous_scale = 'Blues')"
   ]
  },
  {
   "cell_type": "markdown",
   "id": "5bc63996",
   "metadata": {},
   "source": [
    "# Adding new columns, dropping correlated ones"
   ]
  },
  {
   "cell_type": "markdown",
   "id": "9f179c63",
   "metadata": {},
   "source": [
    "Since many columns related to the ETF's daily price are highly correlated, we leave only `Open` and drop ones that we cannot use. Instead, we add columns related to the price differences in the price during the day."
   ]
  },
  {
   "cell_type": "code",
   "execution_count": 36,
   "id": "d2883b06",
   "metadata": {},
   "outputs": [],
   "source": [
    "spy_data2['Open-High'] = spy_data2['Open'] - spy_data2['High']\n",
    "spy_data2['Open-Low'] = spy_data2['Open'] - spy_data2['Low']\n",
    "spy_data2['Close-High'] = spy_data2['Close'] - spy_data2['High']\n",
    "spy_data2['Close-Low'] = spy_data2['Close'] - spy_data2['Low']\n",
    "spy_data2['High-Low'] = spy_data2['High'] - spy_data2['Low']\n",
    "spy_data2['Open-Close'] = spy_data2['Open'] - spy_data2['Close']\n",
    "\n",
    "spy_data2 = spy_data2.drop(['High', 'Low', 'Close', 'Adj Close'], axis = 1)"
   ]
  },
  {
   "cell_type": "code",
   "execution_count": 37,
   "id": "26a4218e",
   "metadata": {},
   "outputs": [
    {
     "data": {
      "application/vnd.plotly.v1+json": {
       "config": {
        "plotlyServerURL": "https://plot.ly"
       },
       "data": [
        {
         "coloraxis": "coloraxis",
         "hovertemplate": "x: %{x}<br>y: %{y}<br>color: %{z}<extra></extra>",
         "name": "0",
         "texttemplate": "%{z}",
         "type": "heatmap",
         "x": [
          "Open",
          "Volume",
          "Close-Open",
          "High-Low",
          "Open-High",
          "Open-Low",
          "Close-High",
          "Close-Low",
          "Open-Close"
         ],
         "xaxis": "x",
         "y": [
          "Open",
          "Volume",
          "Close-Open",
          "High-Low",
          "Open-High",
          "Open-Low",
          "Close-High",
          "Close-Low",
          "Open-Close"
         ],
         "yaxis": "y",
         "z": [
          [
           1,
           0.10822951113086123,
           0.0014019632624494391,
           0.48808939585151234,
           -0.3584058220340213,
           0.3662483893655975,
           -0.31146664492990905,
           0.37359048340911516,
           -0.001401963262449435
          ],
          [
           0.10822951113086123,
           1,
           -0.04970414425519192,
           0.39482156396166873,
           -0.2721520062233183,
           0.3120127295750892,
           -0.295750849173614,
           0.25706840695712235,
           0.0497041442551919
          ],
          [
           0.0014019632624494391,
           -0.04970414425519192,
           1,
           -0.08257975862767106,
           -0.551705811535481,
           -0.6047917210092942,
           0.6849239522697875,
           0.5882444363608665,
           -1
          ],
          [
           0.48808939585151234,
           0.39482156396166873,
           -0.08257975862767106,
           1,
           -0.7041833320095869,
           0.7770723501690914,
           -0.7115348478955924,
           0.6897816204140441,
           0.0825797586276707
          ],
          [
           -0.3584058220340213,
           -0.2721520062233183,
           -0.551705811535481,
           -0.7041833320095869,
           1,
           -0.10030793502938462,
           0.2298162800460192,
           -0.7652153051796782,
           0.5517058115354816
          ],
          [
           0.3662483893655975,
           0.3120127295750892,
           -0.6047917210092942,
           0.7770723501690914,
           -0.10030793502938462,
           1,
           -0.7933560366787441,
           0.28825672483787906,
           0.6047917210092945
          ],
          [
           -0.31146664492990905,
           -0.295750849173614,
           0.6849239522697875,
           -0.7115348478955924,
           0.2298162800460192,
           -0.7933560366787441,
           1,
           0.017927810449359434,
           -0.6849239522697866
          ],
          [
           0.37359048340911516,
           0.25706840695712235,
           0.5882444363608665,
           0.6897816204140441,
           -0.7652153051796782,
           0.28825672483787906,
           0.017927810449359434,
           1,
           -0.5882444363608667
          ],
          [
           -0.001401963262449435,
           0.0497041442551919,
           -1,
           0.0825797586276707,
           0.5517058115354816,
           0.6047917210092945,
           -0.6849239522697866,
           -0.5882444363608667,
           1
          ]
         ]
        }
       ],
       "layout": {
        "coloraxis": {
         "colorscale": [
          [
           0,
           "rgb(247,251,255)"
          ],
          [
           0.125,
           "rgb(222,235,247)"
          ],
          [
           0.25,
           "rgb(198,219,239)"
          ],
          [
           0.375,
           "rgb(158,202,225)"
          ],
          [
           0.5,
